function [villages, Livraison]=f_villages8()
%Livraison 
%Livraison=[164 1; 219 2; 172 3; 108 4; 243 5; 336 6; 143 7; 151 8; 78 9; 242 10; 367 11; 167 12; 59 13; 54 14];
Livraison=[367 336 243 242 219 172 167 164 151 143 108 78 59 54];
%Position des villages
v8=1000*[1 1];
v5=1000*[1.5 1.5];
v6=1000*[2.2 1.6];
v11=1000*[2 1];
v3=1000*[3.2 1.8];
v2=1000*[3.2 2.8];
v10=1000*[4.5 2.5];
v9=1000*[5.2 2.8];
v12=1000*[5.5 3.5];
v4=1000*[4.2 3.8];
v1=1000*[3.2 3.8];
v7=1000*[3.5 4.5];
v13=1000*[7.2 3.2];
v14=1000*[6 3.5];
%v15=;
%v16=;
%v17=;
%v18=;
%v19=;
%v20=;
%v21=;
%v22=:
%v23=;
%v24=;
%v25=;
villages=[v1;v2;v3;v4;v5;v6;v7;v8;v9;v10;v11;v12;v13;v14];
%;v15;v16;v17;v18;v19;v20];
end